train_set.npy test_set.npy validation_set.npy 
mean: [158.24388515   4.90378182   2.35947733 284.6443383    2.70063176]
std:  [  98.67904816   37.10656697 5089.07384386 3540.47534769   58.62115181]
